9 9
10 4 3 1 0 2 2 4 10 10
10 5 2 10 10 10 5 4 1 10 
10 6 1 1 3 4 1 10 3 10
10 5 10 10 2 10 1 10 3 10
10 3 10 10 2 10 2 10 6 10
10 2 10 10 2 10 1 3 4 4
10 2 1 3 4 10 1 10 10 5
10 3 10 10 3 2 1 10 10 3
10 2 10 10 10 10 1 10 2 2  
10 1 2 2 1 1 100 10 1 10
2 2
10 0
100 1
4 4
10 0 4 3
10 2 1 10
100 2 10 10
10 10 10 10


9 9
# 4 3 2 S 2 2 4 # #
# 5 2 # # # 5 4 1 # 
# 6 1 1 3 4 1 # 3 #
# 5 # # 2 # 1 # 3 #
# 3 # # 2 # 2 # 6 #
# 2 # # 2 # 1 3 4 4
# 2 1 3 4 # 1 # # 5
# 3 # # 3 2 1 # # 3
# 2 # # # # 1 # 2 2  
# 1 2 2 1 1 G # 1 #
2 2
# S
G 1
4 4
# S 4 3
# 2 1 #
G 2 # #
# # # #
10 - #
100 - G
0 - S

